1 5 0
2 1 623
2 6 408
2 7 332
2 8 494
2 12 75
2 13 237
2 14 28
2 15 111
2 16 27
2 17 104
2 18 10
2 19 35
2 20 10
2 21 350
2 22 512
3 2 81
3 4 181
3 6 580
3 7 427
3 8 589
3 12 202
3 13 351
3 14 150
3 15 231
3 16 124
3 17 196
3 18 118
3 19 157
3 20 124
3 21 448
3 22 610
4 2 80
4 3 181
4 6 502
4 7 521
4 8 674
4 12 421
4 13 526
4 14 397
4 15 454
4 16 280
4 17 354
4 18 380
4 19 412
4 20 124
4 21 584
4 22 728
5 2 300
5 3 416
5 4 414
5 6 12
5 7 16
5 8 37
5 12 118
5 13 179
5 14 582
5 15 662
5 16 593
5 17 667
5 18 318
5 19 401
5 20 590
5 21 111
5 22 135
6 1 35
6 2 408
6 3 580
6 4 502
6 7 10
6 8 47
6 12 246
6 13 329
6 14 776
6 15 857
6 16 762
6 17 843
6 18 510
6 19 590
6 20 668
6 21 110
6 22 140
7 1 480
7 2 332
7 3 427
7 4 521
7 6 10
7 12 34
7 13 118
7 14 572
7 15 647
7 16 602
7 17 672
7 18 294
7 19 372
7 20 605
7 21 11
7 22 36
8 2 494
8 3 589
8 4 674
8 6 47
8 7 25
8 12 178
8 13 260
8 14 732
8 15 806
8 16 761
8 17 832
8 18 453
8 19 530
8 20 766
8 21 35
8 22 60
12 1 648
12 2 75
12 3 202
12 4 421
12 6 246
12 7 34
12 8 178
12 14 291
12 15 361
12 16 331
12 17 406
12 18 13
12 19 82
12 20 360
12 21 13
12 22 170
13 2 237
13 3 351
13 4 526
13 6 329
13 7 118
13 8 260
13 12 25
13 14 450
13 15 520
13 16 494
13 17 568
13 18 170
13 19 240
13 20 519
13 21 82
13 22 240
14 1 1029
14 2 28
14 3 150
14 4 397
14 6 776
14 7 572
14 8 732
14 12 291
14 13 450
14 16 50
14 17 75
14 18 13
14 19 170
14 20 150
14 21 571
14 22 730
15 2 111
15 3 231
15 4 454
15 6 857
15 7 647
15 8 806
15 12 361
15 13 520
15 14 25
15 16 75
15 17 105
15 18 82
15 19 240
15 20 175
15 21 641
15 22 800
16 1 985
16 2 27
16 3 124
16 4 280
16 6 762
16 7 602
16 8 761
16 12 331
16 13 494
16 14 50
16 15 75
16 18 76
16 19 225
16 20 10
16 21 608
16 22 770
17 2 104
17 3 196
17 4 354
17 6 843
17 7 672
17 8 832
17 12 406
17 13 568
17 14 75
17 15 105
17 16 25
17 18 154
17 19 305
17 20 35
17 21 680
17 22 843
18 1 813
18 2 10
18 3 118
18 4 380
18 6 510
18 7 294
18 8 453
18 12 13
18 13 170
18 14 13
18 15 82
18 16 76
18 17 154
18 20 162
18 21 291
18 22 450
19 2 35
19 3 157
19 4 412
19 6 590
19 7 372
19 8 530
19 12 82
19 13 240
19 14 170
19 15 240
19 16 225
19 17 305
19 18 25
19 20 280
19 21 361
19 22 520
20 1 881
20 2 10
20 3 124
20 4 124
20 6 668
20 7 605
20 8 766
20 12 360
20 13 519
20 14 150
20 15 175
20 16 10
20 17 35
20 18 162
20 19 280
20 21 623
20 22 785
21 1 580
21 2 350
21 3 448
21 4 584
21 6 110
21 7 11
21 8 35
21 12 13
21 13 82
21 14 571
21 15 641
21 16 608
21 17 680
21 18 291
21 19 361
21 20 623
22 2 512
22 3 610
22 4 728
22 6 140
22 7 36
22 8 60
22 12 170
22 13 240
22 14 730
22 15 800
22 16 770
22 17 843
22 18 450
22 19 520
22 20 785
22 21 25
